<?xml version="1.0"?>
<opencv_storage>
<mlp_classifier type_id="encv-ml-ann-mlp">
</opencv_storage>

  <layer_sizes type_id="opencv-matrix">
    <rows>1</rows>
    <cols>4</cols>
    <dt>i</dt>
    <data>
      2 10 15 1</data></layer_sizes>
  <activation_function>SIGMOID_SYM</activation_function>
  <f_param1>6.6666666666666663e-01</f_param1>
  <f_param2>1.7159000000000000e+00</f_param2>
  <min_val>-9.4999999999999996e-01</min_val>
  <max_val>9.4999999999999996e-01</max_val>
  <min_val1>-9.7999999999999998e-01</min_val1>
  <max_val1>9.7999999999999998e-01</max_val1>
  <training_params>
    <train_method>BACKPROP</train_method>
    <dw_scale>5.0000000745058060e-02</dw_scale>
    <moment_scale>5.0000000745058060e-02</moment_scale>
    <term_criteria><epsilon>9.9999997473787516e-06</epsilon>
      <iterations>100</iterations></term_criteria></training_params>
  <input_scale>
    3.3711849400723035e+00 -1.7469798132897010e+00
    3.5928019208124296e+00 -1.9162115548631620e+00</input_scale>
  <output_scale>
    1.0526315789473684e+00 0.</output_scale>
  <inv_output_scale>
    9.4999999999999996e-01 0.</inv_output_scale>
  <weights>
    <_>
      1.2334235019686611e+02 9.1552686480192467e+00
      8.6966569397326072e+00 9.2168585152745059e+00
      -8.8255767535155432e+00 8.7958278779486712e+00
      8.9960297844732704e+00 8.3729863395358972e+00
      -8.6773033681818550e+00 6.8498092234878847e+00
      3.1486224625687747e+01 2.9517132126197652e+00
      2.6759107943812470e+00 2.9170366482424859e+00
      -2.7236006200654370e+00 2.8962074604420360e+00
      2.8918221196324940e+00 2.9122365487917925e+00
      -2.9626425971323918e+00 2.0380718994728504e+00
      -4.7152678528434571e+00 -2.3426153714153952e+00
      -2.1518591370431914e+00 -2.3508550303022622e+00
      2.1966595315205608e+00 -2.2517779323677987e+00
      -2.2904201859220192e+00 -2.1528151418530066e+00
      2.2328591419155983e+00 -1.5358878837844383e+00</_>
    <_>
      2.1608485661623511e+01 8.5583177878689287e-01
      -3.2415433425804202e-01 -1.2441187144113945e+00
      3.9066812381249233e-01 1.0129721840529489e+00
      4.8363067259729614e-01 3.2557621187354746e-01
      6.8613014843826325e-01 1.1308501649579439e+00
      9.9760695253152232e-01 -3.0572659007611536e-01
      -1.5588935209390644e+00 -5.9071456176188286e-01
      -6.2808586223681284e-01 2.0053722245516472e+01
      1.0295023541966610e+00 -3.2586313026361269e-01
      -1.0052283324072342e+00 6.5340795924771733e-01
      6.0269023807412292e-01 8.5649320229265946e-01
      5.7892912149726394e-01 5.3806722809024499e-01
      9.4568035888623014e-01 6.2337539842847711e-01
      -6.4063609471164951e-01 -7.7057395647954463e-01
      -5.2268963757309606e-01 -8.3349229300466654e-01
      1.8355563832254493e+01 4.9737074688641592e-01
      -3.4122170155646397e-01 -1.2338508821720109e-01
      8.6877633139480026e-01 6.0525821418811632e-01
      6.9304685749626904e-01 1.8534405899841697e-01
      6.9588235655696418e-01 5.4397367203874647e-01
      6.5776482183820351e-01 -8.1660618368901761e-01
      -2.4929008877231990e-01 -6.6473740508079093e-01
      -4.9225696566831256e-01 2.0084146536926880e+01
      9.5553798070859786e-01 -2.6581813700891516e-01
      -6.6303145287060583e-01 8.3879223415401460e-01
      8.5194757702057677e-01 8.2124868311770916e-01
      5.9781859809409510e-01 9.5351620651741964e-01
      9.0961467296200804e-01 7.4386025335141959e-01
      -5.2881732191684583e-01 -5.0624530792834066e-01
      -9.0686909750605516e-01 -8.6154274857920987e-01
      -1.8747927552866532e+01 -6.8589973601638088e-01
      3.6347741792965105e-01 5.5320878132173068e-01
      -9.5026857370502194e-01 -5.7264913069799461e-01
      -8.6964898965229542e-01 -3.0270701786716325e-01
      -5.2131965711534056e-01 -3.7474323621886624e-01
      -7.4622461538087614e-01 6.9348422070668048e-01
      3.9663365674127077e-01 8.1862338630050679e-01
      8.1783465852302606e-01 1.8956928428182060e+01
      7.2867788090503971e-01 2.1861901643954457e-01
      -7.8813381321147857e-01 3.0044416110715838e-01
      5.7525598544127676e-01 8.4890363393812962e-01
      9.2586983248985066e-01 7.4672426378571688e-01
      7.0941340324793367e-01 6.2496935413903143e-01
      -3.9100893760728239e-01 -9.5227110616675703e-01
      -6.2084778449382649e-01 -5.4170647775021730e-01
      1.9414760036153417e+01 8.4987601144476344e-01
      -1.7875245247693455e-01 -8.3984917526945246e-01
      8.0224074905692411e-01 8.6557128755798607e-01
      5.9536796276686366e-01 5.1242131792908785e-01
      7.8458719908699992e-01 7.2182698610690033e-01
      8.2708019098719221e-01 -7.7002253782222951e-01
      -6.9199933673036362e-01 -7.8779576989541100e-01
      -8.2363637106452714e-01 1.7780074034042951e+01
      1.3703231061094542e-01 6.8551175612590476e-01
      -7.2835767081639691e-01 9.3639002438220778e-02
      7.0681837965899419e-01 2.2299835966717810e-01
      9.5107866388047413e-01 7.0773270041954039e-01
      7.9677207443707598e-01 5.6804084175399161e-01
      -5.3817290638184689e-01 -1.1798563291924933e+00
      -1.6317856575401352e-01 -2.3544486683473539e-01
      -1.8697392669343735e+01 -3.8297845499315275e-01
      -6.0831239762190725e-01 8.5032167701833561e-01
      -3.6665777747738137e-01 -7.8684119362945848e-01
      -2.4116245140668213e-01 -7.8634411832358164e-01
      -7.5365372430511979e-01 -7.2506498267862907e-01
      -7.1873051911087948e-01 4.4282203649788721e-01
      1.2092934232196619e+00 4.7575487421344348e-01
      4.5631388313602766e-01 1.2667582506825518e+01
      1.1080152513663856e-01 3.8437455631916256e-01
      1.4471942648936298e-01 3.7161535539630408e-01
      2.8329382059230312e-01 -8.8616972369452221e-02
      1.2783833119067889e-01 5.1344946455897655e-01
      6.8564673491779318e-02 3.6779032295809317e-03
      -5.4991380528122547e-01 3.0766248312892436e-01
      -6.1369222022249248e-01 -2.4330810990702157e-03
      9.1455504170890622e-01 6.3496617720377990e-01
      -3.6978966491027498e+00 3.9533140556606790e-02
      9.7890470336198632e-01 -5.7549239579578602e-02
      1.3157211199793872e+00 -1.1286024168747657e+00
      -5.4402696660125238e-01 -1.2755466022436857e-01
      2.1526198030681837e-01 2.1607211421124908e-01
      5.4013263019067326e-01 4.3943662608898082e-01
      -7.7342155225013320e-01</_>
    <_>
      -6.3565624338060511e-02 -2.2446905140437604e-01
      -2.8103460859169810e-01 -5.9690138756000821e-01
      -5.6326513660510691e-01 2.7366036692883117e-01
      -5.1780930477925946e-01 -4.6727247958316731e-01
      1.2803827998918588e-01 5.0710015269914654e-01
      1.6726343032974450e-01 4.0046483788141035e-01
      -1.1760615046018048e+00 2.9279235318746694e-01
      4.0453950164183772e-01 9.1780257214554950e-01</_></weights></my_nn>
</opencv_storage>
